image size:  (1, 3, 160, 160)
OnnxRuntime 
100%|█████████████████████████████████████████████████████████████████████| 5/5 [00:00<00:00, 504.09it/s]
0.01657843589782715
output_prediction:  [array([[-0.40564898, -0.506833  , -6.092206  ,  3.5599604 ]],
      dtype=float32), array([[0.0877045 , 0.02925173, 0.21162227]], dtype=float32), array([[0.24638188, 0.16355248, 0.22451088, 0.27615148, 0.20521559,
        0.3869267 , 0.18803781, 0.50198483, 0.18166044, 0.619071  ,
        0.18220139, 0.73195   , 0.20011245, 0.8418467 , 0.22865906,
        0.93931824, 0.283445  , 1.0109293 , 0.3555789 , 1.0318452 ,
        0.43189338, 1.013363  , 0.51059324, 0.96795255, 0.58566535,
        0.9020406 , 0.6578364 , 0.8218127 , 0.72264194, 0.7255294 ,
        0.7778675 , 0.6222794 , 0.8286408 , 0.50935787, 0.37117156,
        0.17382655, 0.4147326 , 0.1779783 , 0.45997474, 0.20255765,
        0.50056905, 0.24367079, 0.52608323, 0.2909734 , 0.55535483,
        0.33198276, 0.6078956 , 0.33321023, 0.6637179 , 0.34905192,
        0.7103718 , 0.3844456 , 0.7366467 , 0.44123054, 0.51814693,
        0.39398792, 0.49781996, 0.45022064, 0.47857064, 0.50273144,
        0.45765945, 0.56009686, 0.38857874, 0.55961305, 0.40785262,
        0.5903227 , 0.4334382 , 0.6201097 , 0.46491417, 0.62784034,
        0.49865323, 0.6288962 , 0.3612423 , 0.30747417, 0.40063146,
        0.32160527, 0.43845394, 0.34367228, 0.46494725, 0.37061185,
        0.42937407, 0.36270103, 0.3914697 , 0.34098703, 0.54544187,
        0.44730082, 0.583389  , 0.46318084, 0.6197889 , 0.48692897,
        0.6460804 , 0.508046  , 0.6095129 , 0.50196517, 0.5736642 ,
        0.4801969 , 0.303951  , 0.70198494, 0.34246802, 0.65484446,
        0.39494446, 0.6549265 , 0.42469954, 0.6767226 , 0.45828414,
        0.69326264, 0.4827506 , 0.7414263 , 0.4701779 , 0.81781894,
        0.42068765, 0.90225154, 0.3706238 , 0.92842156, 0.33422968,
        0.91406256, 0.30317786, 0.8826203 , 0.28408366, 0.8114632 ,
        0.3168375 , 0.715085  , 0.3785229 , 0.68546873, 0.41332793,
        0.70332384, 0.44713414, 0.7243323 , 0.45481494, 0.81001586,
        0.38532996, 0.88124925, 0.354027  , 0.8693972 , 0.32543868,
        0.8433434 ]], dtype=float32)]
OnnxRuntime + OpenVinoEP
/home/paul/miniconda3/envs/fa/lib/python3.8/site-packages/onnxruntime/capi/onnxruntime_inference_collection.py:53: UserWarning: Specified provider 'OpenVINOExecutionProvider' is not in available provider names.Available providers: 'CPUExecutionProvider'
  warnings.warn("Specified provider '{}' is not in available provider names."
100%|█████████████████████████████████████████████████████████████████████| 5/5 [00:00<00:00, 515.08it/s]
0.010211467742919922
output_prediction:  [array([[-0.40564898, -0.506833  , -6.092206  ,  3.5599604 ]],
      dtype=float32), array([[0.0877045 , 0.02925173, 0.21162227]], dtype=float32), array([[0.24638188, 0.16355248, 0.22451088, 0.27615148, 0.20521559,
        0.3869267 , 0.18803781, 0.50198483, 0.18166044, 0.619071  ,
        0.18220139, 0.73195   , 0.20011245, 0.8418467 , 0.22865906,
        0.93931824, 0.283445  , 1.0109293 , 0.3555789 , 1.0318452 ,
        0.43189338, 1.013363  , 0.51059324, 0.96795255, 0.58566535,
        0.9020406 , 0.6578364 , 0.8218127 , 0.72264194, 0.7255294 ,
        0.7778675 , 0.6222794 , 0.8286408 , 0.50935787, 0.37117156,
        0.17382655, 0.4147326 , 0.1779783 , 0.45997474, 0.20255765,
        0.50056905, 0.24367079, 0.52608323, 0.2909734 , 0.55535483,
        0.33198276, 0.6078956 , 0.33321023, 0.6637179 , 0.34905192,
        0.7103718 , 0.3844456 , 0.7366467 , 0.44123054, 0.51814693,
        0.39398792, 0.49781996, 0.45022064, 0.47857064, 0.50273144,
        0.45765945, 0.56009686, 0.38857874, 0.55961305, 0.40785262,
        0.5903227 , 0.4334382 , 0.6201097 , 0.46491417, 0.62784034,
        0.49865323, 0.6288962 , 0.3612423 , 0.30747417, 0.40063146,
        0.32160527, 0.43845394, 0.34367228, 0.46494725, 0.37061185,
        0.42937407, 0.36270103, 0.3914697 , 0.34098703, 0.54544187,
        0.44730082, 0.583389  , 0.46318084, 0.6197889 , 0.48692897,
        0.6460804 , 0.508046  , 0.6095129 , 0.50196517, 0.5736642 ,
        0.4801969 , 0.303951  , 0.70198494, 0.34246802, 0.65484446,
        0.39494446, 0.6549265 , 0.42469954, 0.6767226 , 0.45828414,
        0.69326264, 0.4827506 , 0.7414263 , 0.4701779 , 0.81781894,
        0.42068765, 0.90225154, 0.3706238 , 0.92842156, 0.33422968,
        0.91406256, 0.30317786, 0.8826203 , 0.28408366, 0.8114632 ,
        0.3168375 , 0.715085  , 0.3785229 , 0.68546873, 0.41332793,
        0.70332384, 0.44713414, 0.7243323 , 0.45481494, 0.81001586,
        0.38532996, 0.88124925, 0.354027  , 0.8693972 , 0.32543868,
        0.8433434 ]], dtype=float32)]